5.000000000000000000e-01 1.396263401595463638e-01 0.000000000000000000e+00 -3.840283928488307019e+00 3.382427063921496391e+00 -7.821814500130263026e-01
5.000000000000000000e-01 1.396263401595463638e-01 3.490658503988659095e-02 -2.971529935837123659e+00 3.401166988825591986e+00 -1.860633555035900555e+00
5.000000000000000000e-01 1.396263401595463638e-01 6.981317007977318190e-02 -2.044476825429466516e+00 2.913519996047852612e+00 -2.690402909816461907e+00
5.000000000000000000e-01 1.396263401595463638e-01 1.047197551196597798e-01 -1.249516608547981633e+00 2.145759520529133990e+00 -3.106429370741197182e+00
5.000000000000000000e-01 1.396263401595463638e-01 1.396263401595463638e-01 -6.683739687230602078e-01 1.352123688910141786e+00 -3.130462780158876246e+00
5.000000000000000000e-01 1.396263401595463638e-01 1.745329251994329478e-01 -2.908663617699669968e-01 6.922116578281735100e-01 -2.891041673679275892e+00
5.000000000000000000e-01 1.396263401595463638e-01 2.094395102393195596e-01 -6.663726881392859069e-02 2.165553720217665845e-01 -2.525998754388703027e+00
5.000000000000000000e-01 1.396263401595463638e-01 2.443460952792061436e-01 5.688951978922747454e-02 -9.107713673470207993e-02 -2.133768021535380921e+00
5.000000000000000000e-01 1.396263401595463638e-01 2.792526803190927276e-01 1.196444588960772493e-01 -2.710144857103191640e-01 -1.768337865920183161e+00
5.000000000000000000e-01 1.396263401595463638e-01 3.141592653589793116e-01 1.477373584713968513e-01 -3.636648050777159802e-01 -1.451898576786931017e+00
5.000000000000000000e-01 1.396263401595463638e-01 3.490658503988658956e-01 1.568877166373919829e-01 -4.008092618726920020e-01 -1.188624764714673931e+00
5.000000000000000000e-01 1.396263401595463638e-01 3.839724354387524796e-01 1.561119374718860919e-01 -4.046960952449049076e-01 -9.742689817972310928e-01
5.000000000000000000e-01 1.396263401595463638e-01 4.188790204786391191e-01 1.504267255566937578e-01 -3.898802774617144418e-01 -8.015996609060531686e-01
5.000000000000000000e-01 1.396263401595463638e-01 4.537856055185257032e-01 1.425615103448379106e-01 -3.654626133990041548e-01 -6.630625158698999488e-01
5.000000000000000000e-01 1.396263401595463638e-01 4.886921905584122872e-01 1.339684591174080119e-01 -3.369323961710288251e-01 -5.518863458448433068e-01
5.000000000000000000e-01 1.396263401595463638e-01 5.235987755982988157e-01 1.253965172455332455e-01 -3.074829893609558051e-01 -4.624135485271858581e-01
5.000000000000000000e-01 1.396263401595463638e-01 5.585053606381854552e-01 1.172114803614179718e-01 -2.788875198636545094e-01 -3.900856518068776535e-01
5.000000000000000000e-01 1.396263401595463638e-01 5.934119456780720947e-01 1.095727710649077175e-01 -2.520593867200481841e-01 -3.312997430677234179e-01
5.000000000000000000e-01 1.396263401595463638e-01 6.283185307179586232e-01 1.025306029522416729e-01 -2.274026060170416808e-01 -2.832353506921344022e-01
5.000000000000000000e-01 1.396263401595463638e-01 6.632251157578452627e-01 9.607919488834262833e-02 -2.050273241237162980e-01 -2.436928980064186345e-01
5.000000000000000000e-01 1.396263401595463638e-01 6.981317007977317912e-01 9.018576223685784155e-02 -1.848807175803863778e-01 -2.109573401464062414e-01
5.000000000000000000e-01 1.396263401595463638e-01 7.330382858376184307e-01 8.480615225520085620e-02 -1.668254959924673209e-01 -1.836886015833914809e-01
5.000000000000000000e-01 1.396263401595463638e-01 7.679448708775049592e-01 7.989311301602988746e-02 -1.506862419864920810e-01 -1.608358381279179627e-01
5.000000000000000000e-01 1.396263401595463638e-01 8.028514559173915988e-01 7.540050570218735648e-02 -1.362761458960263516e-01 -1.415712875396230308e-01
5.000000000000000000e-01 1.396263401595463638e-01 8.377580409572782383e-01 7.128529538221201056e-02 -1.234118757572567199e-01 -1.252395932881892049e-01
5.000000000000000000e-01 1.396263401595463638e-01 8.726646259971647668e-01 6.750834035808861433e-02 -1.119213339385794759e-01 -1.113190863806285541e-01
5.000000000000000000e-01 1.396263401595463638e-01 9.075712110370514063e-01 6.403454750316937838e-02 -1.016472073729533521e-01 -9.939219987574288151e-02
5.000000000000000000e-01 1.396263401595463638e-01 9.424777960769379348e-01 6.083270835956915146e-02 -9.244808349096260425e-02 -8.912281746063871468e-02
5.000000000000000000e-01 1.396263401595463638e-01 9.773843811168245743e-01 5.787518920689672941e-02 -8.419820648671305641e-02 -8.023887569423401867e-02
5.000000000000000000e-01 1.396263401595463638e-01 1.012290966156711214e+00 5.513756883892801525e-02 -7.678652023851763320e-02 -7.251894812185787076e-02
5.000000000000000000e-01 1.396263401595463638e-01 1.047197551196597631e+00 5.259827320175416987e-02 -7.011538150775477318e-02 -6.578185329977712104e-02
5.000000000000000000e-01 1.396263401595463638e-01 1.082104136236484271e+00 5.023823116483239898e-02 -6.409916631960058120e-02 -5.987856628486450811e-02
5.000000000000000000e-01 1.396263401595463638e-01 1.117010721276370910e+00 4.804056197011408180e-02 -5.866289456098410654e-02 -5.468589146265116774e-02
5.000000000000000000e-01 1.396263401595463638e-01 1.151917306316257550e+00 4.599029749794691230e-02 -5.374093871487968521e-02 -5.010148795030466840e-02
5.000000000000000000e-01 1.396263401595463638e-01 1.186823891356144189e+00 4.407413865111232260e-02 -4.927584741190989270e-02 -4.603993844636070087e-02
5.000000000000000000e-01 1.396263401595463638e-01 1.221730476396030607e+00 4.228024332030587418e-02 -4.521729392131312170e-02 -4.242962689451591080e-02
5.000000000000000000e-01 1.396263401595463638e-01 1.256637061435917246e+00 4.059804265848578064e-02 -4.152114812576476743e-02 -3.921024614192023666e-02
5.000000000000000000e-01 1.396263401595463638e-01 1.291543646475803886e+00 3.901808224599020991e-02 -3.814866439666977221e-02 -3.633079871078245815e-02
5.000000000000000000e-01 1.396263401595463638e-01 1.326450231515690525e+00 3.753188488280220780e-02 -3.506577492077207758e-02 -3.374798542606469165e-02
5.000000000000000000e-01 1.396263401595463638e-01 1.361356816555576943e+00 3.613183203606338406e-02 -3.224247707362624948e-02 -3.142490058226999478e-02
5.000000000000000000e-01 1.396263401595463638e-01 1.396263401595463582e+00 3.481106131053775948e-02 -2.965230355971671186e-02 -2.932997053206011506e-02
5.000000000000000000e-01 1.396263401595463638e-01 1.431169986635350222e+00 3.356337764995082074e-02 -2.727186473642303696e-02 -2.743608647579306656e-02
5.000000000000000000e-01 1.396263401595463638e-01 1.466076571675236861e+00 3.238317629465119890e-02 -2.508045350532986731e-02 -2.571989288912549659e-02
5.000000000000000000e-01 1.396263401595463638e-01 1.500983156715123501e+00 3.126537580590521559e-02 -2.305970421074309690e-02 -2.416120123717845070e-02
5.000000000000000000e-01 1.396263401595463638e-01 1.535889741755009918e+00 3.020535971669015968e-02 -2.119329803037194038e-02 -2.274250497872255805e-02
5.000000000000000000e-01 1.396263401595463638e-01 1.570796326794896558e+00 2.919892558420968467e-02 -1.946670832302993190e-02 -2.144857680420633045e-02
5.000000000000000000e-01 1.396263401595463638e-01 1.605702911834783198e+00 2.824224040342942013e-02 -1.786698028755609804e-02 -2.026613290919563812e-02
5.000000000000000000e-01 1.396263401595463638e-01 1.640609496874669837e+00 2.733180149730828415e-02 -1.638254007746267615e-02 -1.918355213035598597e-02
5.000000000000000000e-01 1.396263401595463638e-01 1.675516081914556477e+00 2.646440213175747444e-02 -1.500302920815594319e-02 -1.819064015422089745e-02
5.000000000000000000e-01 1.396263401595463638e-01 1.710422666954442894e+00 2.563710121515276261e-02 -1.371916069412875382e-02 -1.727843089398439086e-02
5.000000000000000000e-01 1.396263401595463638e-01 1.745329251994329534e+00 2.484719653656976973e-02 -1.252259387086935259e-02 -1.643901862670072572e-02
5.000000000000000000e-01 1.396263401595463638e-01 1.780235837034216173e+00 2.409220107652701795e-02 -1.140582529974928927e-02 -1.566541567716495803e-02
5.000000000000000000e-01 1.396263401595463638e-01 1.815142422074102813e+00 2.336982199124683704e-02 -1.036209353312062161e-02 -1.495143139055252895e-02
5.000000000000000000e-01 1.396263401595463638e-01 1.850049007113989230e+00 2.267794192826930177e-02 -9.385295839950414873e-03 -1.429156890402764717e-02
5.000000000000000000e-01 1.396263401595463638e-01 1.884955592153875870e+00 2.201460237935207870e-02 -8.469915267409998394e-03 -1.368093684714454666e-02
5.000000000000000000e-01 1.396263401595463638e-01 1.919862177193762509e+00 2.137798881736734796e-02 -7.610956647883271656e-03 -1.311517360249489332e-02
5.000000000000000000e-01 1.396263401595463638e-01 1.954768762233649149e+00 2.076641739854126478e-02 -6.803890359942896607e-03 -1.259038216560452034e-02
5.000000000000000000e-01 1.396263401595463638e-01 1.989675347273535788e+00 2.017832304085330833e-02 -6.044602821216390511e-03 -1.210307397533752667e-02
5.000000000000000000e-01 1.396263401595463638e-01 2.024581932313422428e+00 1.961224871454077257e-02 -5.329352835229348231e-03 -1.165012035784467916e-02
5.000000000000000000e-01 1.396263401595463638e-01 2.059488517353309067e+00 1.906683580212231027e-02 -4.654733037109773895e-03 -1.122871045012948342e-02
5.000000000000000000e-01 1.396263401595463638e-01 2.094395102393195263e+00 1.854081540373266404e-02 -4.017635787729521672e-03 -1.083631465292133819e-02
5.000000000000000000e-01 1.396263401595463638e-01 2.129301687433081902e+00 1.803300047932576006e-02 -3.415222955208704111e-03 -1.047065281417594411e-02
5.000000000000000000e-01 1.396263401595463638e-01 2.164208272472968542e+00 1.754227873285316153e-02 -2.844899099057373107e-03 -1.012966647011592433e-02
5.000000000000000000e-01 1.396263401595463638e-01 2.199114857512855181e+00 1.706760615519372151e-02 -2.304287637549513965e-03 -9.811494575055946035e-03
5.000000000000000000e-01 1.396263401595463638e-01 2.234021442552741821e+00 1.660800115267692043e-02 -1.791209634887453361e-03 -9.514452238171993911e-03
5.000000000000000000e-01 1.396263401595463638e-01 2.268928027592628460e+00 1.616253919674414188e-02 -1.303664892728408509e-03 -9.237012057983117613e-03
5.000000000000000000e-01 1.396263401595463638e-01 2.303834612632515100e+00 1.573034793782438628e-02 -8.398150718985474949e-04 -8.977787706133605675e-03
5.000000000000000000e-01 1.396263401595463638e-01 2.338741197672401739e+00 1.531060273303259250e-02 -3.979686056191509202e-04 -8.735519463143857216e-03
5.000000000000000000e-01 1.396263401595463638e-01 2.373647782712288379e+00 1.490252254297014939e-02 2.343280383588717126e-05 -8.509061451808377224e-03
5.000000000000000000e-01 1.396263401595463638e-01 2.408554367752174574e+00 1.450536615783737035e-02 4.258262867232683090e-04 -8.297370350225820659e-03
5.000000000000000000e-01 1.396263401595463638e-01 2.443460952792061214e+00 1.411842871735769292e-02 8.105386644942657887e-04 -8.099495397168072694e-03
5.000000000000000000e-01 1.396263401595463638e-01 2.478367537831947853e+00 1.374103849275021098e-02 1.178796204607472642e-03 -7.914569528555834288e-03
5.000000000000000000e-01 1.396263401595463638e-01 2.513274122871834493e+00 1.337255390224161532e-02 1.531733393408556783e-03 -7.741801505964621306e-03
5.000000000000000000e-01 1.396263401595463638e-01 2.548180707911721132e+00 1.301236073444415713e-02 1.870400834094430387e-03 -7.580468916967257262e-03
5.000000000000000000e-01 1.396263401595463638e-01 2.583087292951607772e+00 1.265986955639590225e-02 2.195772363810330734e-03 -7.429911943246653508e-03
5.000000000000000000e-01 1.396263401595463638e-01 2.617993877991494411e+00 1.231451328520662830e-02 2.508751472620966705e-03 -7.289527806218423257e-03
5.000000000000000000e-01 1.396263401595463638e-01 2.652900463031381051e+00 1.197574490411694448e-02 2.810177097220026374e-03 -7.158765811747640553e-03
5.000000000000000000e-01 1.396263401595463638e-01 2.687807048071267690e+00 1.164303530539189183e-02 3.100828853598306539e-03 -7.037122925728283782e-03
5.000000000000000000e-01 1.396263401595463638e-01 2.722713633111153886e+00 1.131587124385956614e-02 3.381431765310620712e-03 -6.924139821069747944e-03
5.000000000000000000e-01 1.396263401595463638e-01 2.757620218151040525e+00 1.099375338609589851e-02 3.652660537319781832e-03 -6.819397344213855815e-03
5.000000000000000000e-01 1.396263401595463638e-01 2.792526803190927165e+00 1.067619444126621797e-02 3.915143419527390527e-03 -6.722513355865520485e-03
5.000000000000000000e-01 1.396263401595463638e-01 2.827433388230813804e+00 1.036271736047945230e-02 4.169465698918540901e-03 -6.633139906310648627e-03
5.000000000000000000e-01 1.396263401595463638e-01 2.862339973270700444e+00 1.005285359220634521e-02 4.416172854656849091e-03 -6.550960710642849891e-03
5.000000000000000000e-01 1.396263401595463638e-01 2.897246558310587083e+00 9.746141381868212231e-03 4.655773406387465549e-03 -6.475688893532993533e-03
5.000000000000000000e-01 1.396263401595463638e-01 2.932153143350473723e+00 9.442124104126972325e-03 4.888741482367951405e-03 -6.407064976943726946e-03
5.000000000000000000e-01 1.396263401595463638e-01 2.967059728390360362e+00 9.140348616707585569e-03 5.115519130789275906e-03 -6.344855087492791597e-03
5.000000000000000000e-01 1.396263401595463638e-01 3.001966313430247002e+00 8.840363624762523354e-03 5.336518394716966741e-03 -6.288849363069095623e-03
5.000000000000000000e-01 1.396263401595463638e-01 3.036872898470133197e+00 8.541718044851263555e-03 5.552123168429134309e-03 -6.238860540862558451e-03
5.000000000000000000e-01 1.396263401595463638e-01 3.071779483510019837e+00 8.243959357551783676e-03 5.762690850510154492e-03 -6.194722711228913166e-03
5.000000000000000000e-01 1.396263401595463638e-01 3.106686068549906476e+00 7.946631937548643762e-03 5.968553806839245295e-03 -6.156290223817652806e-03
5.000000000000000000e-01 1.396263401595463638e-01 3.141592653589793116e+00 7.649275349748528401e-03 6.170020654557269515e-03 -6.123436734179719086e-03
5.000000000000000000e-01 1.396263401595463638e-01 3.176499238629679756e+00 7.351422599553710316e-03 6.367377376171198811e-03 -6.096054380673033950e-03
5.000000000000000000e-01 1.396263401595463638e-01 3.211405823669566395e+00 7.052598324871954191e-03 6.560888271134998097e-03 -6.074053082925671802e-03
5.000000000000000000e-01 1.396263401595463638e-01 3.246312408709453035e+00 6.752316916746387530e-03 6.750796750500267715e-03 -6.057359954421447264e-03
5.000000000000000000e-01 1.396263401595463638e-01 3.281218993749339674e+00 6.450080554641223103e-03 6.937325978533565203e-03 -6.045918822962167115e-03
5.000000000000000000e-01 1.396263401595463638e-01 3.316125578789226314e+00 6.145377141403391211e-03 7.120679363523642162e-03 -6.039689853852328247e-03
5.000000000000000000e-01 1.396263401595463638e-01 3.351032163829112953e+00 5.837678121720700150e-03 7.301040898325527641e-03 -6.038649271662215393e-03
5.000000000000000000e-01 1.396263401595463638e-01 3.385938748868999149e+00 5.526436166491593104e-03 7.478575349482198716e-03 -6.042789177367976876e-03
5.000000000000000000e-01 1.396263401595463638e-01 3.420845333908885788e+00 5.211082703887628433e-03 7.653428292001622849e-03 -6.052117458555236404e-03
5.000000000000000000e-01 1.396263401595463638e-01 3.455751918948772428e+00 4.891025275998211498e-03 7.825725985017859335e-03 -6.066657791217991771e-03
5.000000000000000000e-01 1.396263401595463638e-01 3.490658503988659067e+00 4.565644697763046773e-03 7.995575081597346492e-03 -6.086449732496146924e-03
5.000000000000000000e-01 1.396263401595463638e-01 3.525565089028545707e+00 4.234291992384358119e-03 8.163062163832231211e-03 -6.111548904484109639e-03
5.000000000000000000e-01 1.396263401595463638e-01 3.560471674068432346e+00 3.896285074518725158e-03 8.328253092051448800e-03 -6.142027270016323960e-03
5.000000000000000000e-01 1.396263401595463638e-01 3.595378259108318986e+00 3.550905149225407672e-03 8.491192154434796385e-03 -6.177973502102148719e-03
5.000000000000000000e-01 1.396263401595463638e-01 3.630284844148205625e+00 3.197392790829011507e-03 8.651901000485847509e-03 -6.219493449448968911e-03
5.000000000000000000e-01 1.396263401595463638e-01 3.665191429188092265e+00 2.834943661464652074e-03 8.810377338649155038e-03 -6.266710701284716918e-03
5.000000000000000000e-01 1.396263401595463638e-01 3.700098014227978460e+00 2.462703824025591366e-03 8.966593374781013648e-03 -6.319767255475115461e-03
5.000000000000000000e-01 1.396263401595463638e-01 3.735004599267865100e+00 2.079764598422065378e-03 9.120493964124223515e-03 -6.378824294730800482e-03
5.000000000000000000e-01 1.396263401595463638e-01 3.769911184307751739e+00 1.685156903363970371e-03 9.271994444807904467e-03 -6.444063076519115571e-03
5.000000000000000000e-01 1.396263401595463638e-01 3.804817769347638379e+00 1.277845018154622229e-03 9.420978115588935983e-03 -6.515685943136459782e-03
5.000000000000000000e-01 1.396263401595463638e-01 3.839724354387525018e+00 8.567196900562994632e-04 9.567293314448914107e-03 -6.593917459259574301e-03
5.000000000000000000e-01 1.396263401595463638e-01 3.874630939427411658e+00 4.205905024594554817e-04 9.710750047616845126e-03 -6.679005685177213589e-03
5.000000000000000000e-01 1.396263401595463638e-01 3.909537524467298297e+00 -3.182259288614223448e-05 9.851116110428957684e-03 -6.771223594800371975e-03
5.000000000000000000e-01 1.396263401595463638e-01 3.944444109507184937e+00 -5.018986902232522220e-04 9.988112631962304047e-03 -6.870870648452398824e-03
5.000000000000000000e-01 1.396263401595463638e-01 3.979350694547071576e+00 -9.911264175426913372e-04 1.012140896434374562e-02 -6.978274531334136867e-03
5.000000000000000000e-01 1.396263401595463638e-01 4.014257279586957772e+00 -1.501115643419818858e-03 1.025061682475210401e-02 -7.093793069422970124e-03
5.000000000000000000e-01 1.396263401595463638e-01 4.049163864626844855e+00 -2.033610570636563541e-03 1.037528358305205012e-02 -7.217816335367310474e-03
5.000000000000000000e-01 1.396263401595463638e-01 4.084070449666731051e+00 -2.590504410080473902e-03 1.049488457030826882e-02 -7.350768957636684940e-03
5.000000000000000000e-01 1.396263401595463638e-01 4.118977034706618134e+00 -3.173855858668345360e-03 1.060881426262796912e-02 -7.493112646722823421e-03
5.000000000000000000e-01 1.396263401595463638e-01 4.153883619746504330e+00 -3.785907640623063092e-03 1.071637617026713167e-02 -7.645348952478121275e-03
5.000000000000000000e-01 1.396263401595463638e-01 4.188790204786390525e+00 -4.429107413378481455e-03 1.081677123298320671e-02 -7.808022266615570299e-03
5.000000000000000000e-01 1.396263401595463638e-01 4.223696789826277609e+00 -5.106131388956074678e-03 1.090908448834509645e-02 -7.981723083832053742e-03
5.000000000000000000e-01 1.396263401595463638e-01 4.258603374866163804e+00 -5.819911080388259945e-03 1.099226973905012908e-02 -8.167091533758288890e-03
5.000000000000000000e-01 1.396263401595463638e-01 4.293509959906050888e+00 -6.573663652530998408e-03 1.106513189695011376e-02 -8.364821193723087633e-03
5.000000000000000000e-01 1.396263401595463638e-01 4.328416544945937083e+00 -7.370926439713152041e-03 1.112630662386781231e-02 -8.575663188797304909e-03
5.000000000000000000e-01 1.396263401595463638e-01 4.363323129985824167e+00 -8.215596291942699539e-03 1.117423682045821411e-02 -8.800430580293203825e-03
5.000000000000000000e-01 1.396263401595463638e-01 4.398229715025710362e+00 -9.111974530314636070e-03 1.120714543196187768e-02 -9.040003036220527893e-03
5.000000000000000000e-01 1.396263401595463638e-01 4.433136300065597446e+00 -1.006481843516507380e-02 1.122300394080125337e-02 -9.295331766326610234e-03
5.000000000000000000e-01 1.396263401595463638e-01 4.468042885105483641e+00 -1.107940036274722775e-02 1.121949579700104969e-02 -9.567444689185728920e-03
5.000000000000000000e-01 1.396263401595463638e-01 4.502949470145369837e+00 -1.216157579445537214e-02 1.119397389395076180e-02 -9.857451777908594892e-03
5.000000000000000000e-01 1.396263401595463638e-01 4.537856055185256920e+00 -1.331786187524552911e-02 1.114341102360692781e-02 -1.016655050248811004e-02
5.000000000000000000e-01 1.396263401595463638e-01 4.572762640225143116e+00 -1.455552830539403285e-02 1.106434203508038783e-02 -1.049603124801176159e-02
5.000000000000000000e-01 1.396263401595463638e-01 4.607669225265030200e+00 -1.588270282531974512e-02 1.095279616525843616e-02 -1.084728253551535231e-02
5.000000000000000000e-01 1.396263401595463638e-01 4.642575810304916395e+00 -1.730849399360393295e-02 1.080421769919958849e-02 -1.122179580151684043e-02
5.000000000000000000e-01 1.396263401595463638e-01 4.677482395344803479e+00 -1.884313452483466281e-02 1.061337273844755423e-02 -1.162116939706198809e-02
5.000000000000000000e-01 1.396263401595463638e-01 4.712388980384689674e+00 -2.049814915359073411e-02 1.037423939081420082e-02 -1.204711133908941724e-02
5.000000000000000000e-01 1.396263401595463638e-01 4.747295565424576758e+00 -2.228655185851358134e-02 1.007987812513737313e-02 -1.250144017480909857e-02
5.000000000000000000e-01 1.396263401595463638e-01 4.782202150464462953e+00 -2.422307836069240161e-02 9.722278333400296083e-03 -1.298608308830000689e-02
5.000000000000000000e-01 1.396263401595463638e-01 4.817108735504349148e+00 -2.632446116130500099e-02 9.292176278226257219e-03 -1.350307006688198502e-02
5.000000000000000000e-01 1.396263401595463638e-01 4.852015320544236232e+00 -2.860975607965216341e-02 8.778838535716048525e-03 -1.405452252462377483e-02
5.000000000000000000e-01 1.396263401595463638e-01 4.886921905584122428e+00 -3.110073139232235467e-02 8.169803721078320105e-03 -1.464263421272805551e-02
5.000000000000000000e-01 1.396263401595463638e-01 4.921828490624009511e+00 -3.382233338560539093e-02 7.450573643721166046e-03 -1.526964147798583193e-02
5.000000000000000000e-01 1.396263401595463638e-01 4.956735075663895707e+00 -3.680324558559329440e-02 6.604242999429858936e-03 -1.593777888711189750e-02
5.000000000000000000e-01 1.396263401595463638e-01 4.991641660703782790e+00 -4.007656334768524425e-02 5.611054169918474992e-03 -1.664921481402785799e-02
5.000000000000000000e-01 1.396263401595463638e-01 5.026548245743668986e+00 -4.368061116760630497e-02 4.447860539935305328e-03 -1.740595964615781685e-02
5.000000000000000000e-01 1.396263401595463638e-01 5.061454830783556069e+00 -4.765993741850917120e-02 3.087477805460855929e-03 -1.820973660451530654e-02
5.000000000000000000e-01 1.396263401595463638e-01 5.096361415823442265e+00 -5.206653075978600470e-02 1.497897845601104316e-03 -1.906180150944540574e-02
5.000000000000000000e-01 1.396263401595463638e-01 5.131268000863328460e+00 -5.696131492826978643e-02 -3.586663597593258974e-04 -1.996269276178644012e-02
5.000000000000000000e-01 1.396263401595463638e-01 5.166174585903215544e+00 -6.241599499729080791e-02 -2.526943827577203192e-03 -2.091188578346267479e-02
5.000000000000000000e-01 1.396263401595463638e-01 5.201081170943101739e+00 -6.851534981993087636e-02 -5.060025034358765945e-03 -2.190731636691346101e-02
5.000000000000000000e-01 1.396263401595463638e-01 5.235987755982988823e+00 -7.536009410754766769e-02 -8.021097428537644208e-03 -2.294472366541091407e-02
5.000000000000000000e-01 1.396263401595463638e-01 5.270894341022875018e+00 -8.307047198063650939e-02 -1.148557031254849974e-02 -2.401674425542146829e-02
5.000000000000000000e-01 1.396263401595463638e-01 5.305800926062762102e+00 -9.179079539254282605e-02 -1.554367845129530322e-02 -2.511166141777398941e-02
5.000000000000000000e-01 1.396263401595463638e-01 5.340707511102648297e+00 -1.016952104645399840e-01 -2.030367193700467754e-02 -2.621167503648310151e-02
5.000000000000000000e-01 1.396263401595463638e-01 5.375614096142535381e+00 -1.129950692997825495e-01 -2.589571912357776021e-02 -2.729050224337241717e-02
5.000000000000000000e-01 1.396263401595463638e-01 5.410520681182421576e+00 -1.259484137579851559e-01 -3.247666731445704447e-02 -2.831003977797665050e-02
5.000000000000000000e-01 1.396263401595463638e-01 5.445427266222307772e+00 -1.408722541754196811e-01 -4.023581699237752801e-02 -2.921570526877765792e-02
5.000000000000000000e-01 1.396263401595463638e-01 5.480333851262194855e+00 -1.581585683720831692e-01 -4.940185910883447551e-02 -2.992991073065016244e-02
5.000000000000000000e-01 1.396263401595463638e-01 5.515240436302081051e+00 -1.782952795029548176e-01 -6.025108107738944702e-02 -3.034288514059090697e-02
5.000000000000000000e-01 1.396263401595463638e-01 5.550147021341968134e+00 -2.018939289377006396e-01 -7.311682794081127146e-02 -3.029972225119649878e-02
5.000000000000000000e-01 1.396263401595463638e-01 5.585053606381854330e+00 -2.297263858236745226e-01 -8.839994146848662027e-02 -2.958204093449277872e-02
5.000000000000000000e-01 1.396263401595463638e-01 5.619960191421741413e+00 -2.627737807334868392e-01 -1.065793657620831975e-01 -2.788195046645893307e-02
5.000000000000000000e-01 1.396263401595463638e-01 5.654866776461627609e+00 -3.022919710003068028e-01 -1.282210760301684960e-01 -2.476504300986423837e-02
5.000000000000000000e-01 1.396263401595463638e-01 5.689773361501514692e+00 -3.498992725940767712e-01 -1.539815504232139864e-01 -1.961782506825381425e-02
5.000000000000000000e-01 1.396263401595463638e-01 5.724679946541400888e+00 -4.076938775506099288e-01 -1.845984409144632576e-01 -1.157333749755476773e-02
5.000000000000000000e-01 1.396263401595463638e-01 5.759586531581287083e+00 -4.784100377757619649e-01 -2.208546453651267227e-01 5.931263909859583712e-04
5.000000000000000000e-01 1.396263401595463638e-01 5.794493116621174167e+00 -5.656228947194350543e-01 -2.634904847917565185e-01 1.860763331309510729e-02
5.000000000000000000e-01 1.396263401595463638e-01 5.829399701661060362e+00 -6.740096425014893144e-01 -3.130186291128464471e-01 4.488889364137342575e-02
5.000000000000000000e-01 1.396263401595463638e-01 5.864306286700947446e+00 -8.096645973472840208e-01 -3.693625102576134078e-01 8.278725476661451255e-02
5.000000000000000000e-01 1.396263401595463638e-01 5.899212871740833641e+00 -9.804369658819801492e-01 -4.311846894906676830e-01 1.368449465385129793e-01
5.000000000000000000e-01 1.396263401595463638e-01 5.934119456780720725e+00 -1.196190694460888881e+00 -4.946934012828438920e-01 2.129830598788656493e-01
5.000000000000000000e-01 1.396263401595463638e-01 5.969026041820606920e+00 -1.468734629880233067e+00 -5.516278574226910481e-01 3.183660154038635559e-01
5.000000000000000000e-01 1.396263401595463638e-01 6.003932626860494004e+00 -1.810872922992583511e+00 -5.861022033143409304e-01 4.603799071518441255e-01
5.000000000000000000e-01 1.396263401595463638e-01 6.038839211900380199e+00 -2.233513556979764836e+00 -5.702733472120283809e-01 6.436150364083067510e-01
5.000000000000000000e-01 1.396263401595463638e-01 6.073745796940266395e+00 -2.739110694086221987e+00 -4.599574722710241259e-01 8.630597943968911778e-01
5.000000000000000000e-01 1.396263401595463638e-01 6.108652381980153478e+00 -3.309506114187339421e+00 -1.942923104902103681e-01 1.091670292635476658e+00
5.000000000000000000e-01 1.396263401595463638e-01 6.143558967020039674e+00 -3.888387927267020316e+00 2.913321439612500674e-01 1.263486482377268905e+00
5.000000000000000000e-01 1.396263401595463638e-01 6.178465552059926758e+00 -4.366435839533064467e+00 1.026659759916888515e+00 1.263471863944405804e+00
5.000000000000000000e-01 1.396263401595463638e-01 6.213372137099812953e+00 -4.590859667762470231e+00 1.942769876560080933e+00 9.510215697228157072e-01
5.000000000000000000e-01 1.396263401595463638e-01 6.248278722139700037e+00 -4.424418652465406332e+00 2.827302573611893965e+00 2.423125751385513948e-01
5.000000000000000000e-01 1.396263401595463638e-01 6.283185307179586232e+00 -3.840283928488312348e+00 3.382427063921494170e+00 -7.821814500130188641e-01
